3125415021 0
3125416482 0
3125419402 0
3125422322 0
3125425242 0
3125428162 0
3125431082 0
3125432542 0
3125435462 0
3125438382 0
3125441302 0
3125444222 0
3125447142 0
3125450062 0
3125452982 0
3125455902 0
3125460282 0
3125463202 0
3125466122 0
3125469042 0
3125471962 0
3125474882 0
3125479262 0
3125483642 0
3125486562 0
3125489482 0
3125492402 0
3125495322 0
3125498242 0
3125501162 0
3125507002 0
3125509922 0
3125512842 0
3125515762 0
3125519314 0
3125522210 0
3125525130 0
3125530970 0
3125533782 0
3125536690 0
3125538126 198
3125538710 0
