1036666725 0
1036669646 0
1036672566 0
1036676946 0
1036679866 0
1036684246 0
1036687166 0
1036690086 0
1036694466 0
1036697386 0
1036700306 0
1036704686 0
1036709066 0
1036711986 0
1036714906 0
1036717826 0
1036722206 0
1036726586 0
1036729506 0
1036732426 0
1036736806 0
1036739726 0
1036744106 0
1036748486 0
1036751406 0
1036754326 0
1036757246 0
1036760166 0
1036764546 0
1036767466 0
1036771846 0
1036774766 0
1036777686 0
1036780606 0
1036783526 0
1036789366 0
1036793746 0
1036798126 0
1036802506 0
1036809806 0
1036814186 0
1036817106 0
1036820026 0
1036825866 0
1036830246 0
1036833166 0
1036836086 0
1036840466 0
1036843386 0
1036847766 0
1036850686 0
1036853606 0
1036857986 0
1036858333 0
