3699097563 37
3699097564 37
3699097767 38
3699100687 37
3699101109 39
3699104029 40
3699106068 39
3699107528 54
3699109870 38
3699111330 126
3699113208 39
3699114668 94
3699116538 39
3699117998 45
3699119904 39
3699121364 42
3699123269 39
3699124729 41
3699126681 39
3699128141 47
3699130060 39
3699131520 120
3699133455 46
3699134915 47
3699136872 39
3699138332 91
3699140258 39
3699141718 140
3699143742 54
3699145202 54
3699147231 39
3699148691 139
3699150653 63
3699152113 90
3699154487 40
3699155947 88
