3920742958 0
3920742959 1
3920743081 197
3920744541 30
3920747634 0
3920754976 0
3920756084 199
3920757688 0
3920759148 0
3920762068 0
3920765737 0
3920768657 0
3920771577 0
3920773037 202
3920773145 200
3920774605 201
3920774812 199
3920776272 202
3920776773 208
3920786074 0
3920794834 0
3920810894 0
3920812354 203
3920814307 0
3920821607 0
3920824527 0
3920827501 0
3920828178 206
3920833037 0
3920833100 0
3920849363 0
3920850823 200
3920852213 202
3920854993 0
3920857913 0
3920859373 204
3920862005 0
3920863465 0
3920867929 0
3920870839 0
3920873759 0
3920873822 0
