3631416006 0
3631416007 36
3631416129 194
3631417733 0
3631420716 0
3631423636 0
3631425278 0
3631428198 0
3631429658 199
3631432022 0
3631436465 0
3631438956 0
3631443378 0
3631445884 0
3631448804 0
3631448831 170
3631449620 199
3631451080 195
3631451912 0
3631453706 0
3631456626 0
3631459546 0
3631462466 0
3631465386 0
3631468306 0
3631471226 0
3631474146 0
3631477066 0
3631479986 0
3631482906 0
3631486633 0
3631489553 0
3631492473 0
3631495393 0
3631498313 0
3631501233 0
3631504153 0
3631505613 0
3631509075 200
3631510211 199
3631510638 200
3631513153 0
3631514613 199
3631521788 0
3631523248 200
3631524406 199
