2928555676 0
2928556036 0
2928560416 0
2928563336 0
2928566256 0
2928570636 0
2928573556 0
2928576476 0
2928580856 0
2928585236 0
2928589616 0
2928592536 0
2928595456 0
2928598376 0
2928601296 0
2928607136 0
2928611516 0
2928615896 0
2928618816 0
2928621736 0
2928624656 0
2928627576 0
2928631956 0
2928634876 0
2928637796 0
2928640716 0
2928643636 0
2928646556 0
2928650936 0
2928653856 0
2928656776 0
2928659696 0
2928662616 0
2928665536 0
2928668456 0
2928674296 0
2928677216 0
2928680136 0
2928684516 0
2928688896 0
2928693276 0
2928696196 0
2928699116 0
2928703496 0
2928707876 0
2928710796 0
2928713716 0
2928716636 0
2928721016 0
2928723936 0
2928726856 0
2928731236 0
2928735616 0
2928738536 0
2928741456 0
2928744376 0
2928748756 0
2928753136 0
2928756056 0
2928757516 203
2928757988 0
