3439376220 0
3439376580 0
3439379500 0
3439382420 0
3439385340 0
3439391180 0
3439394100 0
3439398480 0
3439401400 0
3439405780 0
3439411620 0
3439414540 0
3439420380 0
3439423300 0
3439427680 0
3439430600 0
3439433520 0
3439436440 0
3439439360 0
3439442280 0
3439445200 0
3439449580 0
3439452500 0
3439455420 0
3439458340 0
3439461260 0
3439464180 0
3439467100 0
3439470020 0
3439472940 0
3439477320 0
3439480240 0
3439484620 0
3439487540 0
3439490460 0
3439493380 0
3439496300 0
3439500680 0
3439503600 0
3439506520 0
3439509440 0
3439512360 0
3439515280 0
3439519660 0
3439524040 0
3439526960 0
3439529880 0
3439532800 0
3439535720 0
3439540100 0
3439543020 0
3439547400 0
3439551780 0
3439554700 0
3439559080 0
3439562000 0
3439566380 0
3439569300 0
3439572220 0
3439573561 0
