29.841
34.766
33.923
18.592
199.581
199.61
205.415
18.765
21.024
0.047
18.594
18.708
21.063
18.688
19.392
20.565
0.089
0.03
0.039
0.043
0.051
0.06
0.024
0.032
24.167
0.044
0.02
0.041
0.049
0.031
0.026
0.02
0.046
0.048
0.051
0.1
0.049
0.072
0.054
0.028
0.048
0.046
0.046
0.052
0.023
0.032
0.02
0.03
0.035
0.078
0.038
0.047
0.051
0.026
0.045
0.036
0.061
0.051
0.045
0.046
0.052
0.031
0.026
0.036
0.025
0.041
0.034
0.041
0.025
0.029
0.041
0.037
0.025
0.025
0.035
0.039
0.046
0.039
0.039
0.037
78.768
84.186
16.472
33.889
19.904
19.212
0.023
0.029
0.028
0.019
0.03
0.084
32.484
199.612
12.347
15.455
25.018
0.052
0.077
32.52
36.547
36.052
36.08
0.063
197.938
202.845
196.072
18.03
19.546
19.304
23.009
20.267
21.393
21.691
21.362
20.144
24.595
20.019
20.664
20.604
20.921
20.398
23.937
79.031
80.03
80.087
80.35
80.055
79.759
80.845
95.763
80.58
17.531
19.412
20.585
19.48
20.643
19.896
19.141
19.474
19.233
19.565
19.761
19.495
33.515
19.701
19.623
9.71
9.098
8.455
10.329
15.455
13.426
10.409
12.933
27.731
9.859
0.056
197.16
199.801
202.012
196.757
200.144
195.385
13.907
12.142
0.047
205.888
199.327
205.692
201.239
205.216
204.599
199.487
196.973
199.701
202.735
203.985
196.019
191.587
192.185
200.603
17.888
20.494
21.1
23.402
22.24
20.266
21.215
24.854
20.048
192.455
204.429
199.857
200.881
200.962
202.158
199.641
200.126
199.542
199.633
199.074
199.41
203.854
205.165
12.482
13.776
14.88
14.291
12.883
0.05
0.022
208.646
200.707
0.052
0.034
196.876
206.718
194.019
200.083
200.009
208.2
203.93
194.279
205.301
194.704
200.117
193.69
197.643
207.147
0.03
197.06
71.233
71.87
71.318
68.269
71.062
77.556
205.615
0.045
19.166
20.24
20.982
19.522
19.414
23.539
0.06
202.624
0.034
205.234
17.951
20.133
22.188
19.433
61.88
20.797
29.424
59.238
21.601
0.066
0.033
0.064
0.06
0.035
186.699
46.941
197.625
13.258
12.723
13.026
12.922
13.696
14.234
14.74
0.025
0.026
0.024
0.024
0.03
0.019
0.025
0.027
0.029
0.021
0.026
0.02
203.185
199.58
200.042
50.61
71.972
49.547
0.069
49.832
66.463
49.148
0.053
0.041
18.57
50.009
62.532
49.309
0.073
0.034
0.058
0.033
0.035
202.759
199.565
196.494
200.868
200.097
0.038
0.057
51.565
0.032
200.134
194.398
196.742
195.277
197.635
0.038
200.045
207.158
200.895
200.134
0.044
199.678
0.03
0.046
200.073
0.036
0.038
198.66
0.039
0.087
193.65
198.45
200.072
0.031
193.593
0.026
0.036
0.036
199.316
81.751
20.404
19.824
19.214
0.073
0.09
21.019
20.548
19.75
18.581
20.864
21.986
19.8
0.052
0.107
0.056
0.027
0.058
0.043
0.047
0.034
0.047
0.086
0.039
0.347
0.025
0.041
0.024
0.091
0.022
0.026
0.051
0.056
0.047
0.064
0.054
0.027
3.014
0.044
0.042
0.047
0.041
0.066
0.031
22.401
20.55
21.022
0.038
0.025
21.526
22.08
22.618
21.326
21.934
23.182
0.051
0.045
0.064
0.021
18.958
21.762
20.879
0.15
0.046
21.23
27.695
22.511
21.797
20.034
27.568
20.479
22.172
0.066
0.076
23.276
25.844
25.827
25.074
23.056
26.469
21.42
25.717
0.067
0.077
22.165
23.114
19.218
19.473
0.05
21.895
22.103
18.844
19.177
0.05
22.461
32.316
19.359
20.401
0.035
25.56
28.997
19.779
20.693
0.1
50.504
59.767
49.898
0.06
51.301
60.713
50.457
0.097
0.055
12.026
13.747
12.047
0.064
0.025
0.026
0.053
0.029
0.026
0.037
0.031
0.038
0.03
0.038
0.026
0.046
200.541
49.435
58.328
49.311
0.062
50.21
60.553
49.615
0.066
0.031
0.058
31.746
34.734
0.057
199.443
78.655
116.534
101.142
99.574
152.589
100.519
112.005
103.239
105.721
99.239
106.496
0.042
0.055
0.024
0.032
0.063
0.031
0.03
0.033
0.034
0.027
203.745
0.036
0.018
0.026
0.026
0.023
198.019
0.04
0.036
0.029
0.023
0.027
0.067
0.042
0.064
0.051
0.039
0.057
198.001
0.015
0.024
0.024
0.01
0.022
198.195
0.033
0.047
0.034
0.054
0.031
203.95
0.025
0.038
0.028
0.032
0.034
0.031
213.146
0.044
0.019
0.022
0.019
0.021
0.077
0.075
0.025
0.025
0.016
0.027
0.062
13.065
12.448
0.049
36.774
16.322
16.466
17.482
15.805
0.114
0.047
144.313
55.887
200.077
37.496
23.002
17.075
18.672
13.254
14.426
15.755
0.052
156.378
55.162
197.808
195.467
206.509
14.695
22.17
15.702
14.556
15.851
17.876
15.655
0.076
0.021
0.025
0.094
0.021
0.083
0.05
14.299
14.659
15.145
0.041
197.577
14.902
15.121
14.993
14.756
15.911
15.043
14.617
15.833
15.094
0.052
199.248
0.061
195.376
0.068
198.398
15.074
17.483
15.074
18.435
17.768
15.202
0.062
0.037
180.445
0.017
0.017
0.031
0.028
0.066
0.04
0.034
0.059
0.022
0.033
0.034
0.056
0.074
0.037
15.748
17.493
14.638
17.374
13.71
0.035
0.048
0.032
0.048
0.034
0.038
0.021
0.029
0.033
0.036
0.091
0.033
0.057
0.031
16.401
17.487
16.474
19.809
12.323
0.041
0.032
0.053
0.017
0.041
0.018
0.032
17.093
18.935
17.891
14.524
16.125
14.405
16.958
19.634
20.106
16.277
14.409
14.456
0.057
0.036
0.022
0.045
0.02
0.043
0.086
0.07
0.05
0.025
0.037
0.026
0.068
18.911
17.722
15.382
22.034
13.014
0.041
0.028
154.697
0.032
0.031
0.032
0.051
0.011
0.036
0.03
78.942
88.604
86.735
84.419
82.645
83.5
87.41
89.066
186.352
88.097
0.098
196.739
201.977
0.043
0.049
205.188
0.032
0.024
0.032
0.02
0.024
0.09
0.036
0.053
17.822
23.342
13.153
0.04
0.069
13.182
16.704
0.042
0.024
0.025
0.026
0.083
0.026
0.043
30.883
111.752
125.778
122.205
98.337
127.219
30.862
100.593
0.058
0.072
0.035
203.024
0.035
0.043
0.057
0.03
0.097
0.031
0.063
0.031
0.07
0.032
8.97
9.24
0.045
0.061
30.177
0.057
12.505
23.976
12.771
0.045
0.034
31.316
0.074
0.027
61.492
61.248
63.026
61.888
61.476
63.432
61.086
0.04
0.037
0.033
0.03
104.598
0.039
0.054
0.081
9.98
9.026
10.179
10.504
0.039
202.627
193.923
12.524
17.974
13.724
17.13
15.61
18.861
0.047
0.022
0.054
200.568
0.638
0.028
0.032
193.866
14.013
13.72
15.855
15.499
19.638
0.025
0.02
131.004
196.799
198.732
190.866
12.217
16.326
18.972
0.055
0.026
58.143
0.026
200.595
8.391
9.227
10.258
10.875
10.299
10.615
10.271
0.045
0.028
0.054
0.026
0.021
0.019
0.036
0.042
0.036
0.053
0.012
0.028
0.031
0.025
0.015
0.018
0.043
0.017
0.021
0.017
0.025
0.022
0.052
0.027
0.02
0.022
0.032
0.026
0.024
0.023
0.027
0.02
0.02
0.021
0.021
0.016
0.024
0.029
0.024
0.025
0.03
0.026
0.028
0.027
0.043
0.031
0.027
0.024
0.025
0.047
0.026
0.033
0.017
0.025
0.026
0.022
0.025
0.037
0.035
0.042
0.022
0.03
0.03
0.022
0.02
0.009
0.016
0.018
0.022
204.147
12.127
12.745
13.874
14.971
18.91
0.067
0.027
0.025
201.586
201.586
194.668
13.328
14.618
12.984
14.811
0.067
0.03
0.026
207.228
14.481
39.862
18.236
0.056
0.062
0.023
0.035
0.066
0.04
0.056
0.022
0.027
0.059
0.06
0.038
0.06
0.062
0.039
0.048
0.06
0.047
0.028
0.074
0.046
0.024
0.021
0.064
0.043
0.025
0.023
0.027
0.023
0.036
0.021
0.019
0.017
0.009
0.01
0.015
0.012
0.028
0.036
0.023
0.024
0.032
0.029
0.02
0.023
0.02
0.03
0.018
0.023
186.043
196.268
188.43
188.56
201.271
188.2
187.146
0.036
197.178
200.038
193.48
202.689
199.593
12.531
12.613
0.041
0.024
0.04
0.028
0.03
0.026
0.016
0.023
0.046
0.029
0.03
0.043
0.044
0.036
0.023
0.015
0.026
0.02
0.023
0.026
0.032
0.047
0.022
0.025
0.031
0.036
0.018
0.04
0.019
0.034
0.03
0.042
0.021
0.016
0.016
0.022
0.016
0.029
0.014
0.02
0.012
0.02
0.02
0.018
0.02
0.023
0.02
0.138
0.028
0.032
41.788
12.706
0.035
0.062
0.017
0.031
0.02
0.021
0.022
0.027
12.187
18.932
18.775
23.069
18.795
39.331
24.312
19.418
22.205
20.287
22.507
22.378
25.456
23.726
13.412
0.066
0.023
173.032
0.027
0.043
0.069
0.041
0.045
0.03
0.033
0.05
0.034
0.049
201.136
0.045
0.052
0.031
0.047
140.27
0.047
39.747
0.035
0.041
0.086
16.114
21.637
18.582
39.995
30.93
13.198
0.067
0.024
0.018
0.04
0.036
0.03
0.035
69.938
0.075
0.035
15.818
18.216
17.393
21.339
17.792
19.583
0.027
0.021
0.015
0.034
0.047
0.041
0.045
0.055
12.401
17.477
0.063
0.033
0.044
0.022
0.026
0.315
0.034
0.027
0.026
0.02
0.03
0.042
12.55
114.477
38.447
22.854
22.48
18.458
20.369
0.075
0.022
0.041
0.029
0.037
0.048
0.039
0.035
0.06
0.031
0.088
50.315
58.416
0.077
0.034
0.098
12.551
14.104
0.051
13.123
12.931
0.057
0.037
197.351
13.354
13.715
0.05
0.032
0.04
13.851
13.112
0.04
0.032
0.032
13.169
12.229
0.041
0.04
0.037
0.029
0.028
0.04
0.032
0.036
0.031
0.022
12.246
12.414
0.06
49.7
56.514
49.438
0.072
49.332
56.893
52.741
0.065
0.03
0.055
50.037
58.487
52.851
0.044
0.04
50.786
74.507
50.001
0.046
0.024
0.032
12.146
12.573
0.063
31.662
0.062
50.009
66.388
50.507
0.064
50.522
58.649
51.053
0.026
0.028
12.975
14.103
0.055
0.029
0.056
0.029
0.027
0.042
0.034
0.051
0.035
0.029
0.033
13.275
14.705
0.05
0.029
201.913
14.525
14.757
14.228
14.656
0.054
0.078
0.042
0.067
0.03
0.027
49.323
57.182
50.855
0.058
0.031
49.907
61.208
49.408
0.036
0.025
0.039
31.099
0.059
73.615
73.189
73.303
0.057
13.848
15.915
13.51
0.062
16.985
15.823
14.887
13.458
0.056
0.037
162.002
197.968
13.324
18.452
13.491
0.048
0.03
12.125
16.243
12.835
0.05
0.022
0.071
0.065
0.03
0.026
0.028
0.063
0.025
0.017
0.011
0.02
204.597
13.644
13.387
0.047
0.019
0.042
0.017
0.024
0.017
0.041
0.011
0.031
0.017
0.012
0.02
0.019
0.023
11.079
29.493
0.062
14.039
19.697
12.526
0.059
0.033
8.475
9.22
0.06
12.075
14.051
0.057
0.078
0.024
0.036
0.027
0.022
0.024
0.022
0.022
0.027
0.031
0.022
0.038
0.016
0.016
0.011
0.021
0.017
0.024
0.015
0.02
0.018
0.021
0.017
0.019
0.015
0.028
0.02
0.02
0.018
0.017
0.022
0.022
0.022
0.017
0.017
0.017
0.032
12.112
14.156
0.057
0.067
0.025
0.026
0.026
0.02
0.022
0.015
0.028
0.016
0.012
0.009
0.021
0.018
0.02
0.025
0.008
0.014
0.01
0.014
0.02
0.011
0.022
0.021
0.012
0.025
0.015
0.011
0.016
0.056
0.053
0.021
0.079
0.021
0.037
0.021
0.023
0.026
0.028
0.027
0.026
0.025
0.027
0.017
0.026
0.025
0.025
0.025
0.021
0.016
0.018
0.015
0.016
0.024
12.253
14.271
14.662
15.429
0.071
33.879
201.535
49.638
150.513
50.159
0.073
50.988
70.845
49.464
0.041
0.046
12.151
12.892
0.071
30.616
0.027
13.706
27.892
15.644
0.034
0.036
12.066
14.31
12.26
0.063
0.025
0.019
0.017
0.02
0.012
0.019
0.018
0.019
0.023
0.017
0.013
0.027
13.536
12.966
0.062
0.06
0.022
0.025
0.02
0.03
0.022
44.996
47.655
44.735
0.03
19.34
29.445
11.201
0.053
0.044
0.021
0.025
0.024
0.021
0.059
0.052
0.015
0.022
0.02
0.023
0.015
0.021
203.879
24.995
11.627
0.042
49.632
56.453
49.957
0.076
74.81
74.698
77.09
0.061
12.272
12.596
0.059
0.034
0.02
0.034
0.028
0.027
0.028
0.027
0.031
0.032
0.022
0.026
0.024
0.023
0.028
0.026
0.03
0.027
0.041
0.026
0.024
0.022
0.022
0.044
0.019
0.025
0.018
0.027
0.021
0.036
0.031
0.023
0.05
0.036
0.03
0.02
0.029
0.02
0.017
0.031
0.022
0.038
0.025
0.025
0.022
0.022
0.025
0.022
0.017
197.991
12.659
13.139
13.059
13.19
0.062
18.649
201.349
49.639
83.646
49.763
0.061
50.077
60.586
50.615
0.025
0.027
0.023
0.048
19.115
13.041
13.243
0.062
49.713
60.531
49.315
0.073
142.646
49.368
62.892
52.682
0.057
49.578
131.429
49.932
0.053
75.833
75.428
0.063
12.606
12.175
0.068
13.323
12.878
0.042
74.913
73.968
75.822
0.113
18.59
19.675
50.771
149.408
49.412
0.072
0.029
0.032
84.388
83.092
78.821
0.11
75.639
74.928
75.088
0.099
74.682
75.019
75.069
0.106
12.387
12.629
0.052
0.063
0.039
0.047
0.045
0.076
0.038
0.03
0.027
0.028
0.026
0.031
12.828
13.989
0.037
0.033
0.036
14.142
13.234
13.797
13.292
0.059
0.027
203.135
0.07
0.032
0.047
76.84
75.85
76.175
0.132
101.152
101.833
102.625
281.765
101.362
296.905
254.045
101.825
273.237
100.826
294.733
106.138
297.978
103.239
286.117
100.967
283.972
101.19
255.465
104.627
274.921
302.191
224.567
242.43
101.135
256.391
101.379
259.124
102.021
274.334
102.754
226.002
101.833
240.256
299.762
271.222
300.246
234.436
287.608
255.289
101.316
268.286
102.99
226.248
101.444
226.283
100.548
281.873
102.931
101.9
0.112
0.098
11.522
0.083
0.074
0.073
0.086
0.079
20.986
0.082
0.082
0.087
227.83
0.947
0.85
49.476
60.786
50.1
0.039
49.899
64.369
0.038
0.031
0.032
0.042
49.263
60.983
49.371
0.05
49.441
57.366
49.175
0.053
0.04
0.103
12.226
12.511
0.052
0.032
0.065
13.271
13.87
0.036
0.036
198.334
13.848
13.112
0.036
0.062
0.037
172.914
171.484
171.251
213.085
172.739
171.526
0.116
190.383
73.663
74.466
76.489
0.09
0.303
0.346
0.242
0.303
0.346
0.242
171.35
187.721
174.972
210.862
163.872
0.131
0.055
259.934
254.02
275.617
259.401
255.939
254.591
253.934
258.155
256.444
0.09
0.035
2.995
0.08
0.058
0.025
0.069
0.067
0.069
0.046
1.161
0.063
200.973
0.077
192.31
19.613
20.015
20.591
58.728
0.062
0.026
0.031
0.025
0.077
0.082
74.053
74.629
75.434
113.488
75.227
0.077
0.03
215.444
0.043
18.805
18.851
20.528
0.057
0.056
0.051
0.044
0.039
0.077
0.034
0.075
0.066
0.041
176.075
176.337
178.234
180.209
192.518
0.075
0.033
0.036
0.066
0.025
0.036
0.02
0.015
0.032
0.018
0.017
0.019
0.052
0.024
0.022
0.016
0.018
0.02
0.069
0.022
0.02
0.031
0.029
0.028
0.026
0.022
0.026
0.067
0.035
0.041
0.029
0.036
0.043
0.041
0.061
0.029
0.027
0.029
0.026
0.072
0.042
0.027
0.032
0.023
0.02
0.036
0.026
0.021
0.027
0.025
0.023
0.038
0.029
0.025
0.039
0.017
0.057
0.029
0.083
0.021
0.02
0.024
0.016
0.024
0.026
0.026
0.036
0.016
0.031
0.037
0.025
0.037
0.023
0.021
0.019
0.016
0.026
0.02
0.017
0.076
0.031
0.026
0.019
0.018
0.021
0.016
0.022
0.021
0.022
0.014
0.021
0.019
0.021
0.019
0.022
0.017
0.018
0.022
0.017
0.017
0.022
0.018
0.02
0.038
0.025
0.046
0.026
0.028
0.03
0.047
0.051
0.024
0.062
0.048
0.044
0.043
0.026
0.083
0.031
0.034
0.036
0.023
0.036
0.05
0.035
0.023
0.031
0.028
0.031
0.029
0.019
0.023
0.015
0.016
0.023
0.017
0.033
0.016
0.028
0.019
0.019
0.017
0.02
0.023
0.02
0.018
0.051
0.023
0.021
0.016
0.022
0.016
0.016
0.022
0.016
0.015
0.024
0.017
0.017
0.02
0.015
0.016
0.022
249.729
75.202
78.046
85.802
116.143
75.834
80.112
0.084
0.031
61.652
0.038
0.036
0.056
0.024
21.691
0.02
0.076
0.025
0.019
0.026
72.505
75.422
84.179
75.368
0.076
0.034
5.556
0.032
0.041
0.026
72.248
75.216
88.155
74.613
0.033
0.026
6.487
0.026
0.058
0.015
72.522
76.363
84.77
75.12
0.045
0.022
15.043
0.036
78.432
77.901
90.137
78.053
0.062
0.03
6.756
0.037
0.067
0.03
0.037
0.047
55.581
2.285
0.417
1.086
0.967
0.943
5.902
0.134
0.068
1.287
0.078
0.021
0.014
0.03
0.018
0.036
0.049
0.017
0.012
181.417
0.177
1.46
3.652
0.065
0.671
177.745
0.591
3.465
0.829
0.545
9.011
0.533
1.077
8.796
0.719
1.616
1.968
0.036
0.041
0.156
0.031
102.53
0.085
1.025
0.086
35.659
0.125
0.026
0.023
0.027
125.44
0.047
135.368
0.026
0.031
0.021
0.045
0.025
0.012
0.019
0.088
107.964
1.599
50.864
61.538
0.048
0.032
0.39
33.405
32.205
35.65
36.653
34.512
34.073
34.507
36.455
34.053
34.857
34.998
35.084
35.585
33.275
33.743
33.601
35.435
33.701
35.143
33.52
33.232
0.093
0.066
15.462
9.769
0.022
0.023
15.785
0.045
0.028
0.033
139.823
0.04
0.042
0.027
0.028
0.04
0.053
0.022
0.032
0.025
0.021
0.022
0.047
0.043
0.021
0.02
0.015
1.759
0.06
7.488
33.607
1.305
0.035
206.977
206.907
205.016
2.548
2.205
100.487
5.51
273.078
32.585
32.492
33.583
34.669
34.888
33.679
35.626
35.732
37.666
33.991
32.813
39.427
34.116
33.352
34.396
34.235
0.075
0.047
0.036
0.082
0.033
0.034
0.045
0.047
0.038
0.029
0.034
0.034
0.033
0.031
0.032
2.304
3.315
0.035
0.027
0.029
0.021
5.621
0.04
206.358
0.036
213.38
204.713
0.424
26.138
57.949
4.242
209.531
32.981
33.447
33.144
35.937
35.959
34.77
38.664
35.473
0.096
0.036
4.967
0.038
0.021
210.636
0.069
34.469
34.113
33.97
36.305
35.281
39.486
33.535
33.833
34.835
33.436
33.681
34.54
34.457
34.165
0.095
0.034
0.019
4.354
0.053
0.033
0.026
204.7
0.041
204.273
202.575
0.967
21.44
57.47
5.892
268.902
32.96
33.191
34.245
35.341
34.549
36.473
34.549
33.494
34.605
34.309
33.813
35.271
34.339
0.058
0.022
27.942
0.03
0.036
185.956
0.029
212.945
209.012
3.629
2.329
98.154
0.915
200.644
32.913
33.11
34.031
34.967
35.695
36.73
37.811
34.962
33.818
34.378
33.718
33.327
33.056
0.072
0.041
0.029
0.022
0.024
136.261
207.542
0.056
0.052
201.034
178.014
0.734
97.357
0.693
289.345
102.875
102.3
103.419
106.08
107.544
104.423
105.159
0.098
12.456
202.122
199.798
281.441
213.394
105.14
103.59
105.66
0.092
0.045
0.051
0.054
0.066
0.071
0.066
0.047
0.044
0.041
0.4
210.577
105.564
107.85
106.445
0.049
0.037
0.078
0.054
0.052
0.031
0.03
0.075
0.036
0.019
0.063
201.584
105.619
109.085
105.456
0.031
0.039
0.028
0.04
0.091
0.031
0.03
216.71
69.395
4.664
0.053
0.082
0.021
0.021
0.022
0.021
0.017
24.844
0.015
0.016
0.019
0.008
0.03
0.025
0.179
0.016
0.021
0.012
0.019
0.015
0.015
0.141
0.016
40.052
1.268
3.064
0.506
0.853
1.498
0.839
40.013
1.724
4.108
1.233
1.379
1.855
1.028
0.03
0.029
0.02
25.069
1.668
51.133
1.164
200.805
201.272
200.944
397.989
201.445
201.48
0.097
0.092
1.961
198.695
376.164
400.918
0.111
0.078
18.805
19.524
19.455
20.22
20.169
20.067
20.941
20.786
20.843
21.557
21.507
22.223
22.275
22.053
22.911
22.784
22.734
22.638
23.511
24.209
24.158
24.11
24.878
24.828
24.78
24.733
25.468
113.219
114.073
114.49
114.037
0.081
0.805
54.425
0.853
112.298
113.458
113.63
115.64
115.222
0.091
1.153
3.065
113.363
112.601
112.902
115.736
0.046
0.863
3.268
0.393
268.383
270.632
270.693
267.865
0.112
208.919
0.072
0.068
0.046
0.051
0.051
0.059
0.052
0.041
0.072
0.04
0.037
116.875
216.005
115.375
0.097
114.607
155.906
115.746
0.14
115.173
213.254
112.992
0.122
0.045
236.467
233.489
234.232
436.294
234.243
236.228
0.1
0.085
0.622
206.82
58.036
3.361
1.897
2.207
3.561
12.17
19.239
0.067
0.081
0.027
152.25
92.423
2.679
3.346
55.461
3.26
8.817
1.39
1.189
0.0
0.04
3.238
0.283
0.026
184.213
9.161
0.405
3.999
0.767
194.743
0.449
36.999
0.362
0.03
0.211
0.027
0.042
0.016
63.538
0.648
0.54
0.025
0.032
0.039
0.022
0.023
0.027
0.048
0.022
0.016
0.017
0.012
0.104
0.022
0.016
0.02
0.019
0.012
0.015
0.02
0.014
0.017
0.012
0.025
0.011
155.488
49.786
57.844
51.565
0.059
50.082
59.442
0.037
0.025
0.032
0.047
0.79
49.313
150.047
50.927
0.116
0.051
0.083
73.449
73.552
0.061
196.552
196.538
198.215
394.564
197.747
199.186
0.122
0.108
0.643
210.254
249.111
236.421
245.006
434.55
232.348
235.38
0.117
0.095
6.018
209.988
249.764
250.366
241.389
436.809
256.805
234.083
0.073
0.092
1.515
121.907
0.799
2.227
19.139
264.652
280.234
262.334
460.608
278.783
264.123
0.11
0.105
0.658
12.165
15.44
0.066
14.111
16.206
0.037
35.856
0.053
12.328
23.398
14.382
0.023
0.033
13.416
15.796
14.884
0.068
0.026
0.016
0.028
0.027
0.016
197.218
163.881
163.585
163.398
163.341
164.917
171.112
162.394
163.89
0.118
0.074
0.094
0.1
60.424
63.634
61.602
61.338
62.182
61.445
64.089
0.041
0.039
0.03
0.036
0.042
167.098
0.042
0.04
0.033
31.076
0.029
84.436
89.174
89.102
0.096
213.721
194.974
12.801
23.745
14.577
0.045
0.031
12.201
12.676
15.5
0.058
0.031
0.027
202.215
69.57
69.547
70.437
0.075
68.682
0.073
0.04
0.039
0.042
200.325
199.497
200.354
401.341
211.261
202.18
0.108
0.099
4.895
237.412
234.262
234.396
435.543
233.844
235.901
0.108
0.098
0.669
207.851
15.623
14.745
0.063
0.032
0.029
0.036
0.031
0.027
0.024
0.037
0.02
0.019
0.027
0.029
0.025
0.019
0.027
0.028
0.021
0.033
0.026
0.025
0.024
0.021
0.018
0.03
0.046
0.048
0.03
0.039
0.041
0.046
0.046
0.045
0.053
0.049
0.021
0.046
0.046
0.045
0.027
0.047
0.036
0.046
0.021
0.023
0.041
0.023
0.025
0.023
0.024
0.017
0.024
0.024
0.023
194.649
32.094
24.384
32.202
16.152
0.077
9.294
198.05
172.955
0.579
0.595
0.241
1.668
6.35
0.978
4.493
1.037
2.929
2.325
0.032
138.006
4.222
12.04
14.607
0.063
121.359
0.469
0.045
0.08
0.038
0.022
30.945
0.057
13.437
56.318
13.734
0.035
0.04
12.976
14.743
12.805
0.046
198.514
12.358
14.461
15.618
12.188
0.062
0.038
30.918
0.051
13.063
14.695
12.868
0.055
0.023
197.303
33.395
0.057
13.42
64.673
13.19
0.071
0.035
12.892
14.662
0.06
0.031
0.035
12.234
13.925
0.058
0.096
0.019
0.035
0.016
0.025
0.022
0.024
0.022
0.036
0.025
0.024
0.023
0.021
0.021
0.044
0.031
0.037
0.037
0.065
0.035
0.032
0.017
0.022
0.019
0.024
0.042
0.041
0.024
0.037
0.037
0.029
0.024
0.017
0.023
0.022
0.024
0.025
0.025
0.035
0.036
0.056
0.029
0.029
0.026
0.023
0.026
0.045
0.025
0.019
0.04
0.038
0.042
202.135
13.225
14.01
13.298
12.992
0.073
34.874
209.126
32.667
33.14
33.335
34.359
0.071
201.478
91.152
0.505
0.032
0.275
0.026
0.032
120.897
12.497
12.291
0.066
49.948
60.199
49.356
0.067
50.846
56.307
0.022
0.021
0.056
0.018
0.061
21.483
18.713
20.047
0.05
0.056
0.044
0.042
197.399
35.746
39.756
0.048
196.887
12.836
14.488
14.34
16.773
0.072
0.033
0.039
12.799
12.419
0.043
14.04
13.15
0.038
78.762
92.272
96.224
191.185
99.853
0.04
0.039
0.028
0.071
0.021
0.015
0.026
0.02
0.019
0.023
0.05
0.04
0.029
0.05
202.66
0.038
0.017
0.067
208.322
13.345
14.596
32.039
15.231
14.299
14.04
14.914
14.601
14.843
0.05
0.021
0.026
0.022
0.025
0.104
0.036
0.04
0.024
0.017
70.308
0.02
0.026
0.019
0.02
0.102
0.027
12.686
15.229
20.415
16.563
14.908
15.689
15.935
16.032
14.131
0.049
0.023
0.019
0.023
0.033
0.026
0.026
0.039
0.035
0.03
0.037
0.042
0.026
0.021
0.059
0.044
0.035
0.035
0.027
0.025
0.016
200.63
12.297
14.56
14.24
16.116
18.634
19.573
19.248
18.912
14.79
0.029
0.021
0.043
0.027
0.042
0.048
0.055
0.037
0.021
0.04
0.062
0.04
0.029
96.507
0.036
0.039
0.034
0.028
0.025
0.035
205.837
13.113
17.545
19.29
15.775
17.149
18.204
18.539
17.468
14.895
0.091
0.046
0.031
0.024
0.019
0.025
0.026
0.063
0.023
0.085
0.035
0.03
0.03
0.034
0.038
0.025
16.696
20.486
16.591
17.202
19.368
21.0
20.759
20.349
14.739
0.053
0.015
0.096
0.02
0.057
0.022
0.021
0.032
0.051
0.025
0.016
0.021
0.024
0.022
0.029
35.64
17.334
24.28
17.952
17.212
15.608
16.358
15.946
13.018
0.025
0.026
45.836
0.028
0.027
0.025
0.051
56.782
0.026
202.993
32.557
29.547
12.355
0.104
0.072
20.039
19.625
0.041
0.022
11.976
20.034
15.511
0.056
197.046
14.923
13.766
12.331
0.059
0.025
0.021
0.02
0.025
0.023
0.026
0.02
0.02
0.022
25.019
24.823
0.055
0.035
0.032
0.027
22.836
0.038
0.032
0.028
0.024
0.031
12.072
16.054
0.043
0.024
0.025
0.027
0.031
0.02
0.02
0.024
0.028
0.02
0.028
0.02
0.03
0.037
0.017
0.022
0.022
0.024
0.025
0.034
0.025
0.02
0.016
0.017
0.02
0.016
0.02
0.056
0.037
0.019
0.04
0.019
0.026
0.016
0.027
0.024
0.021
0.02
0.021
0.022
12.473
16.111
0.066
0.024
0.031
0.025
0.03
0.037
0.031
0.051
0.023
0.059
0.036
0.051
12.038
15.069
14.943
14.914
14.234
14.898
16.722
0.075
0.021
0.056
0.038
0.035
0.048
137.45
0.029
0.031
0.031
0.047
0.048
0.038
13.482
0.044
12.035
15.338
0.041
0.035
0.028
0.019
0.033
0.024
0.04
0.04
0.042
0.04
206.577
202.057
0.077
12.161
15.391
0.067
0.039
0.046
0.06
0.032
0.027
0.026
0.04
0.049
0.043
0.025
0.036
0.022
0.031
0.022
0.056
0.032
0.029
0.025
0.043
0.02
0.032
0.02
0.017
0.017
0.044
0.053
0.046
0.124
0.037
0.053
0.045
0.023
0.02
0.057
0.046
0.034
0.016
0.029
0.024
0.025
0.046
0.025
0.042
0.041
0.02
0.023
0.021
0.022
0.036
0.02
0.02
0.025
0.05
0.03
0.017
0.041
11.973
22.766
45.649
39.706
43.836
22.592
113.152
12.474
0.057
0.042
0.025
0.019
0.1
0.027
0.021
0.035
0.058
198.74
0.07
79.292
0.046
0.042
0.055
0.036
0.053
0.032
0.043
0.077
0.052
12.008
21.736
22.261
20.943
20.217
20.057
22.188
23.221
22.994
18.814
12.789
0.059
0.03
0.034
0.028
0.04
0.103
0.037
0.052
0.047
0.026
0.03
0.046
50.278
0.055
200.711
0.046
0.035
115.182
0.321
13.017
19.288
19.042
20.115
20.38
20.137
17.43
0.05
0.041
0.042
0.031
0.04
0.046
198.256
0.031
0.042
0.037
0.035
0.027
0.028
79.376
0.407
0.058
0.038
0.032
155.0
12.947
16.675
0.062
0.028
0.029
14.247
17.38
13.962
18.112
0.068
0.03
198.572
0.083
0.046
0.025
12.274
15.44
0.073
0.032
0.024
0.024
0.026
0.029
0.025
0.026
0.016
0.022
0.025
0.023
186.11
49.457
61.377
49.222
0.06
49.645
100.074
50.076
0.062
49.529
58.199
50.063
0.056
0.031
0.027
13.341
12.277
13.165
12.984
0.096
0.03
0.06
0.03
0.027
0.038
0.022
0.017
0.046
0.04
0.046
0.07
0.118
0.069
197.664
13.757
13.699
13.597
13.748
0.05
0.03
203.933
0.061
0.09
0.022
201.993
201.565
200.176
397.011
201.497
201.416
0.112
0.099
3.01
220.632
233.774
238.377
233.728
431.888
236.172
232.233
0.113
0.08
0.705
208.021
30.519
0.036
12.926
17.644
12.559
0.025
0.03
12.23
96.077
91.51
95.105
0.041
0.024
0.016
0.025
0.046
0.019
0.024
0.022
0.056
0.029
40.029
0.029
12.712
113.148
0.04
0.034
0.046
0.02
0.087
0.058
0.061
0.017
0.029
0.017
0.014
0.021
0.021
0.015
201.919
12.945
113.182
102.416
0.022
0.024
18.4
0.013
0.022
13.103
113.399
98.872
100.715
0.021
0.026
14.257
0.02
0.029
199.537
13.943
112.916
94.094
108.218
0.026
0.025
5.756
0.028
0.036
12.476
113.037
100.508
0.066
0.019
17.621
0.021
199.418
69.093
70.17
70.7
0.062
205.683
14.578
18.189
0.042
0.053
190.751
0.037
13.334
28.476
14.518
0.067
0.034
12.19
0.062
0.024
0.024
0.018
0.023
0.03
0.026
0.249
0.021
0.019
0.022
0.021
0.019
0.017
0.026
0.021
0.019
0.022
0.027
0.019
0.029
0.019
0.023
0.023
0.022
0.018
0.018
0.027
0.02
0.02
0.025
0.019
0.022
0.026
0.043
0.04
0.028
0.04
0.042
0.045
198.365
14.284
0.039
0.027
0.042
0.046
0.035
0.038
0.033
0.041
0.041
0.032
0.042
0.041
192.522
12.038
0.06
0.03
0.021
0.029
0.033
0.04
0.017
0.027
0.036
0.029
0.035
0.027
0.026
0.041
0.036
0.046
0.047
0.051
0.02
0.024
0.03
0.024
0.029
0.036
0.045
0.021
0.022
0.025
0.024
0.046
0.031
0.025
0.036
0.02
0.026
0.03
0.026
0.046
0.053
0.035
0.021
0.03
0.045
0.029
0.015
0.017
0.014
0.015
0.019
0.027
0.015
0.035
0.03
0.403
0.401
0.404
0.401
0.375
0.375
0.292
8.983
199.06
199.06
77.484
78.071
79.06
83.391
77.483
78.072
79.061
83.393
47.056
87.733
37.522
37.912
38.77
37.709
39.803
40.339
39.723
54.529
38.794
126.274
39.35
94.375
39.096
45.388
39.216
42.725
39.498
41.874
39.104
47.165
39.212
120.117
46.928
47.302
39.069
91.615
39.897
140.019
54.797
54.797
39.743
139.025
63.488
90.425
40.087
88.375
0.064
1.189
30.025
0.031
0.063
0.036
0.029
0.02
0.047
202.586
201.296
202.318
0.047
0.018
0.059
203.501
0.029
0.03
0.058
200.913
0.024
0.047
204.889
0.032
0.013
47.056
87.733
37.523
37.911
38.771
37.709
39.802
40.339
39.722
54.53
38.794
126.275
39.35
94.376
39.097
45.387
39.216
42.724
39.498
41.873
39.103
47.166
39.211
120.117
46.93
47.302
39.068
91.616
39.896
140.019
54.797
54.796
39.742
139.024
63.487
90.425
40.088
88.374
0.063
1.19
30.026
0.032
0.063
0.036
0.03
0.02
0.048
202.585
201.297
202.317
0.047
0.017
0.061
203.501
0.03
0.03
0.058
200.913
0.023
0.048
204.889
0.033
0.013
38.75
37.562
38.894
37.56
38.275
134.293
38.466
104.42
38.885
120.868
38.223
137.502
38.677
73.338
42.062
42.048
55.75
55.751
39.58
39.727
72.779
72.777
38.393
40.03
52.003
52.004
38.701
43.545
63.257
63.252
38.703
54.185
0.069
36.09
0.03
0.05
199.048
0.03
0.026
0.06
0.027
0.02
170.013
199.855
195.993
0.023
0.019
0.012
0.022
0.014
0.018
0.016
0.014
0.016
0.014
0.025
0.015
0.028
0.034
0.013
0.019
0.031
0.026
0.09
199.659
0.074
200.634
49.426
97.665
49.276
0.11
38.75
37.562
38.895
37.56
38.274
134.294
38.466
104.421
38.885
120.868
38.222
137.504
38.677
73.339
42.063
42.048
55.75
55.751
39.58
39.727
72.778
72.776
38.392
40.029
52.003
52.003
38.701
43.545
63.257
63.253
38.702
54.185
0.068
36.089
0.029
0.05
199.047
0.031
0.026
0.058
0.026
0.019
170.012
199.855
195.993
0.024
0.017
0.014
0.022
0.014
0.018
0.016
0.015
0.015
0.013
0.025
0.015
0.029
0.034
0.013
0.019
0.031
0.025
0.089
199.66
0.075
200.634
31.288
79.391
80.952
31.29
79.391
80.953
55.581
2.285
0.417
1.086
0.967
0.943
5.902
0.134
0.068
1.287
0.078
0.021
0.014
0.03
0.018
0.036
0.049
0.017
0.012
181.417
0.177
1.46
3.652
0.065
0.671
177.745
0.591
3.465
0.829
0.545
9.011
0.533
1.077
8.796
0.719
1.616
1.968
0.036
0.041
0.156
0.031
102.53
0.085
1.025
0.086
35.659
0.125
0.026
0.023
0.027
125.44
0.047
135.368
0.026
0.031
0.021
0.045
0.025
0.012
0.019
0.088
107.964
1.599
49.571
85.293
50.766
0.072
69.395
4.664
0.053
0.082
0.021
0.021
0.022
0.021
0.017
24.844
0.015
0.016
0.019
0.008
0.03
0.025
0.179
0.016
0.021
0.012
0.019
0.015
0.015
0.141
0.016
40.052
1.268
3.064
0.506
0.853
1.498
0.839
40.013
1.724
4.108
1.233
1.379
1.855
1.028
0.03
0.029
0.02
25.069
1.668
51.133
1.164
49.597
117.594
49.49
0.051
58.036
3.361
1.897
2.207
3.561
0.081
0.027
152.25
92.423
2.679
3.346
55.461
3.26
8.817
1.39
1.189
0.0
0.04
3.238
0.283
0.026
49.526
127.954
49.331
0.076
184.213
9.161
0.405
3.999
0.767
19.494
0.071
18.752
19.976
23.602
23.623
0.082
0.82
0.03
0.04
0.044
205.517
194.743
0.449
36.999
0.362
0.03
0.211
0.027
0.042
0.016
63.538
0.648
0.54
0.025
0.032
0.039
0.022
0.023
0.027
0.048
0.022
0.016
0.017
0.012
0.104
0.022
0.016
0.02
0.019
0.012
0.015
0.02
0.014
0.017
0.012
0.025
0.011
155.488
50.092
149.899
49.714
0.074
31.179
31.876
79.277
80.299
80.497
80.622
81.872
82.264
31.18
31.877
79.276
80.298
80.497
80.622
81.872
82.263
1.18
71.499
1.18
71.499
121.907
0.799
2.227
49.959
60.379
50.142
0.042
50.339
67.505
52.884
0.026
0.033
49.746
56.175
49.479
0.078
42.78
43.011
42.628
0.08
0.043
0.047
0.039
0.046
0.044
0.03
0.053
0.036
0.042
0.042
0.029
0.034
0.031
0.053
0.037
0.038
0.057
0.035
0.04
0.043
0.034
0.039
0.039
0.039
0.027
0.023
0.027
0.031
0.031
0.03
0.12
0.025
0.027
0.032
0.025
0.018
0.029
0.027
0.027
0.046
0.02
0.019
0.038
0.043
0.024
0.022
0.02
0.021
0.039
0.037
0.038
0.044
0.036
0.036
0.026
0.043
0.04
0.033
203.918
43.432
42.4
43.889
0.037
0.032
0.032
0.038
0.037
0.044
0.03
0.046
0.03
0.046
0.046
0.039
0.039
0.057
0.047
0.036
0.047
0.035
0.04
0.035
0.037
0.042
0.037
0.034
0.037
0.028
0.038
0.034
0.031
0.047
0.053
0.044
0.045
0.046
0.045
0.036
0.061
0.041
0.043
0.021
0.025
0.025
0.056
0.044
0.047
0.039
0.019
0.039
0.03
0.038
0.026
0.027
0.039
0.039
0.046
0.03
0.038
0.038
0.092
49.531
59.71
50.741
0.109
0.04
49.997
60.68
49.646
0.066
0.033
0.048
72.563
71.123
71.181
0.04
172.955
0.579
0.595
0.241
1.668
6.35
0.978
4.493
1.037
2.929
2.325
0.032
138.006
4.222
41.363
37.937
37.907
37.261
47.931
47.93
40.237
40.471
38.788
136.48
38.553
41.319
38.492
42.928
64.159
91.094
42.68
42.67
41.119
38.532
38.144
36.965
40.222
41.028
46.738
46.733
38.516
138.193
39.714
63.567
53.33
53.329
38.476
44.805
63.134
63.128
38.888
43.187
0.133
0.72
0.037
0.029
0.026
0.026
0.052
199.224
0.031
0.047
0.098
0.038
0.021
0.015
0.017
0.015
0.016
0.014
196.053
0.077
161.369
204.453
0.157
0.968
0.043
203.853
0.025
0.03
129.065
0.027
202.245
41.363
37.937
37.906
37.261
47.932
47.93
40.238
40.472
38.789
136.48
38.553
41.319
38.492
42.928
64.159
91.095
42.679
42.67
41.12
38.533
38.143
36.964
40.221
41.028
46.737
46.732
38.517
138.192
39.712
63.567
53.33
53.329
38.476
44.805
63.133
63.128
38.888
43.186
0.133
0.72
0.037
0.03
0.026
0.026
0.052
199.224
0.031
0.047
0.098
0.038
0.022
0.015
0.018
0.015
0.016
0.014
196.053
0.077
161.369
204.452
0.157
0.967
0.044
203.854
0.025
0.029
129.065
0.026
202.245
16.819
19.95
79.046
80.029
16.818
19.952
79.046
80.029
121.359
0.469
0.045
0.08
0.038
0.022
46.325
42.699
51.444
36.959
41.283
114.142
38.383
42.015
38.333
60.827
63.653
80.629
46.175
46.17
42.789
40.452
54.729
36.716
38.305
137.762
38.124
90.074
39.415
39.48
63.917
76.979
0.215
1.116
0.031
0.008
1.12
0.027
200.403
0.271
0.639
0.031
0.067
0.031
0.074
157.879
0.016
198.786
0.027
86.679
46.325
42.7
51.444
36.958
41.284
114.143
38.383
42.016
38.333
60.827
63.653
80.627
46.175
46.17
42.789
40.452
54.729
36.716
38.305
137.76
38.125
90.074
39.414
39.48
63.916
76.979
0.215
1.116
0.031
0.009
1.119
0.028
200.403
0.272
0.639
0.03
0.067
0.031
0.076
157.88
0.016
198.785
0.028
86.679
49.275
63.026
49.906
0.073
71.582
71.863
0.066
91.152
0.505
0.032
0.275
0.026
0.032
120.897
14.082
14.083
115.182
0.321
0.037
0.035
0.027
0.028
79.376
0.407
0.058
0.038
0.032
155.0
76.006
76.72
76.19
0.113
49.392
37.338
37.97
37.646
0.072
1.055
0.013
49.392
37.338
37.971
37.646
0.072
1.055
0.014
36.262
41.458
30.991
32.456
31.71
38.677
38.668
0.094
0.595
36.262
41.459
201.096
30.989
32.457
31.711
38.677
38.667
0.095
0.594
201.097
37.17
37.169