2.164271000000000186e+03 3.000000000000000000e+00
4.164804000000000087e+03 6.000000000000000000e+00
7.275677999999999884e+03 8.000000000000000000e+00
1.078404999999999927e+04 1.100000000000000000e+01
1.380639300000000003e+04 1.100000000000000000e+01
1.647133899999999994e+04 1.100000000000000000e+01
1.848513300000000163e+04 1.000000000000000000e+01
2.105654699999999866e+04 2.700000000000000000e+01
2.345052799999999843e+04 3.000000000000000000e+01
2.652683899999999994e+04 3.200000000000000000e+01
2.853191700000000128e+04 3.600000000000000000e+01
3.059924699999999939e+04 3.400000000000000000e+01
3.260165299999999843e+04 4.900000000000000000e+01
3.541182699999999750e+04 5.700000000000000000e+01
3.887596899999999732e+04 6.100000000000000000e+01
4.091137599999999657e+04 6.100000000000000000e+01
4.291334700000000157e+04 6.700000000000000000e+01
4.598650899999999820e+04 7.100000000000000000e+01
4.812193000000000029e+04 7.200000000000000000e+01
5.078883699999999953e+04 7.200000000000000000e+01
5.284556900000000314e+04 7.700000000000000000e+01
5.484787999999999738e+04 8.200000000000000000e+01
5.691385700000000361e+04 8.100000000000000000e+01
5.891715800000000309e+04 8.600000000000000000e+01
6.290884500000000116e+04 9.100000000000000000e+01
6.491041399999999703e+04 9.800000000000000000e+01
6.691500999999999476e+04 9.800000000000000000e+01
6.891652599999999802e+04 9.900000000000000000e+01
7.091930899999999383e+04 1.010000000000000000e+02
7.454384900000000198e+04 1.040000000000000000e+02
7.714827599999999802e+04 1.040000000000000000e+02
7.935721700000000419e+04 1.060000000000000000e+02
8.187300000000000000e+04 1.090000000000000000e+02
8.409930999999999767e+04 1.100000000000000000e+02
8.621099000000000524e+04 1.140000000000000000e+02
8.891141800000000512e+04 1.150000000000000000e+02
9.260286500000000524e+04 1.180000000000000000e+02
9.572779600000000210e+04 1.220000000000000000e+02
9.791086100000000442e+04 1.240000000000000000e+02
9.991562200000000303e+04 1.300000000000000000e+02
1.020475510000000068e+05 1.330000000000000000e+02
1.043138809999999939e+05 1.360000000000000000e+02
1.063361340000000055e+05 1.360000000000000000e+02
1.084331970000000001e+05 1.440000000000000000e+02
1.104830390000000043e+05 1.670000000000000000e+02
1.124840369999999966e+05 1.680000000000000000e+02
1.145001209999999992e+05 1.690000000000000000e+02
1.165001539999999950e+05 1.810000000000000000e+02
1.185391330000000016e+05 1.830000000000000000e+02
1.205686450000000041e+05 1.880000000000000000e+02
1.225698439999999973e+05 1.910000000000000000e+02
1.245885259999999980e+05 1.910000000000000000e+02
1.267157060000000056e+05 1.960000000000000000e+02
1.288066710000000021e+05 2.010000000000000000e+02
1.308087620000000024e+05 2.020000000000000000e+02
1.328128120000000054e+05 2.090000000000000000e+02
1.348335609999999870e+05 2.090000000000000000e+02
1.369170540000000037e+05 2.080000000000000000e+02
1.391305890000000072e+05 2.100000000000000000e+02
1.423364420000000100e+05 2.100000000000000000e+02
1.445233789999999863e+05 2.110000000000000000e+02
1.465472319999999891e+05 2.150000000000000000e+02
1.489222319999999891e+05 2.170000000000000000e+02
1.509303429999999935e+05 2.250000000000000000e+02
1.534208079999999900e+05 2.210000000000000000e+02
1.555084670000000042e+05 2.220000000000000000e+02
1.575190029999999970e+05 2.240000000000000000e+02
1.596114349999999977e+05 2.250000000000000000e+02
1.618849549999999872e+05 2.260000000000000000e+02
1.647852149999999965e+05 2.260000000000000000e+02
1.667859040000000095e+05 2.310000000000000000e+02
1.688235409999999974e+05 2.290000000000000000e+02
1.709125450000000128e+05 2.300000000000000000e+02
1.729183859999999986e+05 2.430000000000000000e+02
1.753149090000000142e+05 2.470000000000000000e+02
1.773616050000000105e+05 2.480000000000000000e+02
1.799166220000000030e+05 2.510000000000000000e+02
1.819422069999999949e+05 2.560000000000000000e+02
1.846770640000000130e+05 2.570000000000000000e+02
1.882841469999999972e+05 2.600000000000000000e+02
1.904105780000000086e+05 2.630000000000000000e+02
1.924178919999999925e+05 2.680000000000000000e+02
1.944859720000000088e+05 2.680000000000000000e+02
1.969214759999999951e+05 2.680000000000000000e+02
2.008159720000000088e+05 2.780000000000000000e+02
2.036626169999999984e+05 2.780000000000000000e+02
2.061182010000000009e+05 2.780000000000000000e+02
2.083014759999999951e+05 2.870000000000000000e+02
2.115952440000000061e+05 2.860000000000000000e+02
2.139306570000000065e+05 2.870000000000000000e+02
2.169730080000000016e+05 2.880000000000000000e+02
2.190891700000000128e+05 2.890000000000000000e+02
2.216589390000000130e+05 2.940000000000000000e+02
2.236946590000000142e+05 3.030000000000000000e+02
2.257798159999999916e+05 3.030000000000000000e+02
2.277930260000000126e+05 3.030000000000000000e+02
2.306345530000000144e+05 3.060000000000000000e+02
2.326476620000000112e+05 3.090000000000000000e+02
2.347665080000000016e+05 3.080000000000000000e+02
2.369791969999999856e+05 3.070000000000000000e+02
2.399067390000000014e+05 3.210000000000000000e+02
2.419420679999999993e+05 3.290000000000000000e+02
2.439707259999999951e+05 3.310000000000000000e+02
2.460538669999999984e+05 3.300000000000000000e+02
2.480788409999999858e+05 3.350000000000000000e+02
2.509432740000000049e+05 3.320000000000000000e+02
2.530549210000000021e+05 3.410000000000000000e+02
2.557011039999999921e+05 3.410000000000000000e+02
2.577048390000000072e+05 3.450000000000000000e+02
2.599259049999999988e+05 3.510000000000000000e+02
2.620623630000000121e+05 3.550000000000000000e+02
2.643805019999999786e+05 3.550000000000000000e+02
2.665438670000000275e+05 3.560000000000000000e+02
2.685467270000000135e+05 3.580000000000000000e+02
2.727336319999999832e+05 3.610000000000000000e+02
2.747659029999999912e+05 3.610000000000000000e+02
2.767914839999999967e+05 3.580000000000000000e+02
2.788453670000000275e+05 3.600000000000000000e+02
2.810611379999999772e+05 3.600000000000000000e+02
2.835425889999999781e+05 3.590000000000000000e+02
2.856179560000000056e+05 3.600000000000000000e+02
2.878471340000000200e+05 3.580000000000000000e+02
2.905144569999999949e+05 3.610000000000000000e+02
2.925145819999999949e+05 3.590000000000000000e+02
2.946030580000000191e+05 3.600000000000000000e+02
2.970999430000000284e+05 3.600000000000000000e+02
2.982845619999999763e+05 3.590000000000000000e+02
