2.164271000000000186e+03 4.100000000000000000e+01
4.164804000000000087e+03 6.500000000000000000e+01
7.275677999999999884e+03 7.500000000000000000e+01
1.078404999999999927e+04 8.600000000000000000e+01
1.380639300000000003e+04 8.600000000000000000e+01
1.647133899999999994e+04 8.800000000000000000e+01
1.848513300000000163e+04 8.900000000000000000e+01
2.105654699999999866e+04 1.900000000000000000e+02
2.345052799999999843e+04 2.150000000000000000e+02
2.652683899999999994e+04 2.210000000000000000e+02
2.853191700000000128e+04 3.190000000000000000e+02
3.059924699999999939e+04 5.300000000000000000e+02
3.260165299999999843e+04 5.560000000000000000e+02
3.541182699999999750e+04 6.070000000000000000e+02
3.887596899999999732e+04 6.120000000000000000e+02
4.091137599999999657e+04 6.300000000000000000e+02
4.291334700000000157e+04 6.490000000000000000e+02
4.598650899999999820e+04 6.570000000000000000e+02
4.812193000000000029e+04 6.580000000000000000e+02
5.078883699999999953e+04 6.770000000000000000e+02
5.284556900000000314e+04 6.850000000000000000e+02
5.484787999999999738e+04 7.900000000000000000e+02
5.691385700000000361e+04 9.100000000000000000e+02
5.891715800000000309e+04 9.150000000000000000e+02
6.290884500000000116e+04 9.200000000000000000e+02
6.491041399999999703e+04 9.410000000000000000e+02
6.691500999999999476e+04 1.010000000000000000e+03
6.891652599999999802e+04 1.087000000000000000e+03
7.091930899999999383e+04 1.089000000000000000e+03
7.454384900000000198e+04 1.094000000000000000e+03
7.714827599999999802e+04 1.095000000000000000e+03
7.935721700000000419e+04 1.100000000000000000e+03
8.187300000000000000e+04 1.111000000000000000e+03
8.409930999999999767e+04 1.112000000000000000e+03
8.621099000000000524e+04 1.120000000000000000e+03
8.891141800000000512e+04 1.123000000000000000e+03
9.260286500000000524e+04 1.130000000000000000e+03
9.572779600000000210e+04 1.155000000000000000e+03
9.791086100000000442e+04 1.158000000000000000e+03
9.991562200000000303e+04 1.165000000000000000e+03
1.020475510000000068e+05 1.181000000000000000e+03
1.043138809999999939e+05 1.198000000000000000e+03
1.063361340000000055e+05 1.202000000000000000e+03
1.084331970000000001e+05 1.215000000000000000e+03
1.104830390000000043e+05 1.245000000000000000e+03
1.124840369999999966e+05 1.284000000000000000e+03
1.145001209999999992e+05 1.512000000000000000e+03
1.165001539999999950e+05 1.657000000000000000e+03
1.185391330000000016e+05 1.716000000000000000e+03
1.205686450000000041e+05 1.731000000000000000e+03
1.225698439999999973e+05 1.767000000000000000e+03
1.245885259999999980e+05 1.783000000000000000e+03
1.267157060000000056e+05 1.817000000000000000e+03
1.288066710000000021e+05 1.834000000000000000e+03
1.308087620000000024e+05 1.839000000000000000e+03
1.328128120000000054e+05 1.887000000000000000e+03
1.348335609999999870e+05 1.988000000000000000e+03
1.369170540000000037e+05 1.993000000000000000e+03
1.391305890000000072e+05 1.997000000000000000e+03
1.423364420000000100e+05 1.998000000000000000e+03
1.445233789999999863e+05 2.006000000000000000e+03
1.465472319999999891e+05 2.049000000000000000e+03
1.489222319999999891e+05 2.124000000000000000e+03
1.509303429999999935e+05 2.134000000000000000e+03
1.534208079999999900e+05 2.134000000000000000e+03
1.555084670000000042e+05 2.142000000000000000e+03
1.575190029999999970e+05 2.146000000000000000e+03
1.596114349999999977e+05 2.188000000000000000e+03
1.618849549999999872e+05 2.192000000000000000e+03
1.647852149999999965e+05 2.193000000000000000e+03
1.667859040000000095e+05 2.281000000000000000e+03
1.688235409999999974e+05 2.533000000000000000e+03
1.709125450000000128e+05 2.578000000000000000e+03
1.729183859999999986e+05 2.597000000000000000e+03
1.753149090000000142e+05 2.602000000000000000e+03
1.773616050000000105e+05 2.626000000000000000e+03
1.799166220000000030e+05 2.632000000000000000e+03
1.819422069999999949e+05 2.638000000000000000e+03
1.846770640000000130e+05 2.643000000000000000e+03
1.882841469999999972e+05 2.678000000000000000e+03
1.904105780000000086e+05 2.684000000000000000e+03
1.924178919999999925e+05 2.689000000000000000e+03
1.944859720000000088e+05 2.843000000000000000e+03
1.969214759999999951e+05 2.924000000000000000e+03
2.008159720000000088e+05 2.934000000000000000e+03
2.036626169999999984e+05 2.934000000000000000e+03
2.061182010000000009e+05 2.936000000000000000e+03
2.083014759999999951e+05 2.945000000000000000e+03
2.115952440000000061e+05 2.944000000000000000e+03
2.139306570000000065e+05 2.947000000000000000e+03
2.169730080000000016e+05 2.952000000000000000e+03
2.190891700000000128e+05 2.972000000000000000e+03
2.216589390000000130e+05 2.997000000000000000e+03
2.236946590000000142e+05 3.010000000000000000e+03
2.257798159999999916e+05 3.035000000000000000e+03
2.277930260000000126e+05 3.083000000000000000e+03
2.306345530000000144e+05 3.089000000000000000e+03
2.326476620000000112e+05 3.110000000000000000e+03
2.347665080000000016e+05 3.137000000000000000e+03
2.369791969999999856e+05 3.173000000000000000e+03
2.399067390000000014e+05 3.206000000000000000e+03
2.419420679999999993e+05 3.407000000000000000e+03
2.439707259999999951e+05 3.419000000000000000e+03
2.460538669999999984e+05 3.436000000000000000e+03
2.480788409999999858e+05 3.514000000000000000e+03
2.509432740000000049e+05 3.522000000000000000e+03
2.530549210000000021e+05 3.531000000000000000e+03
2.557011039999999921e+05 3.535000000000000000e+03
2.577048390000000072e+05 3.646000000000000000e+03
2.599259049999999988e+05 3.656000000000000000e+03
2.620623630000000121e+05 3.674000000000000000e+03
2.643805019999999786e+05 3.692000000000000000e+03
2.665438670000000275e+05 3.717000000000000000e+03
2.685467270000000135e+05 3.742000000000000000e+03
2.727336319999999832e+05 3.743000000000000000e+03
2.747659029999999912e+05 3.754000000000000000e+03
2.767914839999999967e+05 3.790000000000000000e+03
2.788453670000000275e+05 3.798000000000000000e+03
2.810611379999999772e+05 3.803000000000000000e+03
2.835425889999999781e+05 3.866000000000000000e+03
2.856179560000000056e+05 3.867000000000000000e+03
2.878471340000000200e+05 3.869000000000000000e+03
2.905144569999999949e+05 3.873000000000000000e+03
2.925145819999999949e+05 3.885000000000000000e+03
2.946030580000000191e+05 4.026000000000000000e+03
2.970999430000000284e+05 4.038000000000000000e+03
2.982845619999999763e+05 4.039000000000000000e+03
